1 -1

0 0 0 0 0 0 0 0 0 0 0 0 0 0 0 0 0 0 0 0 0 
0 1 0 1 0 1 0 1 0 1 0 1 0 1 0 1 0 1 0 1 0 
0 0 0 0 0 0 0 0 0 0 0 0 0 0 0 0 0 0 0 0 0 
0 1 0 1 0 1 0 1 0 1 0 1 0 1 0 1 0 1 0 1 0 
0 0 0 0 0 0 0 0 0 0 0 0 0 0 0 0 0 0 0 0 0 
0 1 0 1 0 1 0 1 0 1 0 1 0 1 0 1 0 1 0 1 0 
0 0 0 0 0 0 0 0 0 0 0 0 0 0 0 0 0 0 0 0 0 
0 1 0 1 0 1 0 1 0 1 0 1 0 1 0 1 0 1 0 1 0 
0 0 0 0 0 0 0 0 0 0 0 0 0 0 0 0 0 0 0 0 0 
0 1 0 1 0 1 0 1 0 1 0 1 0 1 0 1 0 1 0 1 0 
0 0 0 0 0 0 0 0 0 0 0 0 0 0 0 0 0 0 0 0 0 
0 1 0 1 0 1 0 1 0 1 0 1 0 1 0 1 0 1 0 1 0 
0 0 0 0 0 0 0 0 0 0 0 0 0 0 0 0 0 0 0 0 0 
0 1 0 1 0 1 0 1 0 1 0 1 0 1 0 1 0 1 0 1 0 
0 0 0 0 0 0 0 0 0 0 0 0 0 0 0 0 0 0 0 0 0 
0 1 0 1 0 1 0 1 0 1 0 1 0 1 0 1 0 1 0 1 0 
0 0 0 0 0 0 0 0 0 0 0 0 0 0 0 0 0 0 0 0 0 
0 1 0 1 0 1 0 1 0 1 0 1 0 1 0 1 0 1 0 1 0 
0 0 0 0 0 0 0 0 0 0 0 0 0 0 0 0 0 0 0 0 0 
0 1 0 1 0 1 0 1 0 1 0 1 0 1 0 1 0 1 0 1 0 
0 0 0 0 0 0 0 0 0 0 0 0 0 0 0 0 0 0 0 0 0 

2 -1

1 1 1 1 1 1 1 1 1 1 1 1 1 1 1 1 1 1 1 1 1
1 1 1 1 1 1 1 1 1 1 1 1 1 1 1 1 1 1 1 1 1
1 1 0 0 0 0 0 0 0 0 1 0 0 0 0 0 0 0 0 1 1
1 1 0 1 1 0 1 1 1 0 1 0 1 1 1 0 1 1 0 1 1
1 1 0 0 0 0 0 0 0 0 0 0 0 0 0 0 0 0 0 1 1
1 1 0 1 1 0 1 0 1 1 1 1 1 0 1 0 1 1 0 1 1
1 1 0 0 0 0 1 0 0 0 1 0 0 0 1 0 0 0 0 1 1
1 1 1 1 1 0 1 1 1 0 1 0 1 1 1 0 1 1 1 1 1
1 1 1 1 1 0 1 0 0 0 0 0 0 0 1 0 1 1 1 1 1
1 1 1 1 1 0 1 0 1 1 0 1 1 0 1 0 1 1 1 1 1
1 0 0 0 0 0 0 0 1 0 0 0 1 0 0 0 0 0 0 0 1
1 1 1 1 1 0 1 0 1 1 0 1 1 0 1 0 1 1 1 1 1 
1 1 1 1 1 0 1 0 0 0 0 0 0 0 1 0 1 1 1 1 1
1 1 1 1 1 0 1 1 1 0 1 0 1 1 1 0 1 1 1 1 1
1 1 0 0 0 0 1 0 0 0 1 0 0 0 1 0 0 0 0 1 1
1 1 0 1 1 0 1 0 1 1 1 1 1 0 1 0 1 1 0 1 1
1 1 0 0 0 0 0 0 0 0 0 0 0 0 0 0 0 0 0 1 1
1 1 0 1 1 0 1 1 1 0 1 0 1 1 1 0 1 1 0 1 1
1 1 0 0 0 0 0 0 0 0 1 0 0 0 0 0 0 0 0 1 1
1 1 1 1 1 1 1 1 1 1 1 1 1 1 1 1 1 1 1 1 1
1 1 1 1 1 1 1 1 1 1 1 1 1 1 1 1 1 1 1 1 1

0 3

11 11 C
5 5 E 1
5 15 E 0

1 2

11 11 C
5 5 E 1

2 3

11 11  C
5 5  E 3
5 15 E 0

3 3

11 11 C
5 5 E 1
5 15 E 3

4 3

11 11 C
5 5 E 1
5 15 E 0

5 3

11 11 C
5 5 E 2
5 15 E 0

6 3

11 11 C
5 5 E 2
5 15 E 1

7 5

11 11 C
5 5 E 4
5 15 E 4
15 5 E 4
15 15 E 4

8 4

11 9 C
11 11 E 4
5 15 E 3
15 15 E 3








 

